1.020593557083231406e+00
2.374811219627841752e-01
5.423518748398293843e-01
8.547396849244761619e-01
2.204988628854418486e+00
-1.470684197331964538e-01
1.830788704008826207e+00
-6.094644267315161290e-01
1.175028475801437045e-01
1.793619299425988078e+00
6.849167537035244502e-01
2.399083299758249410e+00
2.042999746214519963e+00
6.363086376072275563e-01
1.057078628218286909e+00
-4.127386998617463831e-01
2.702203856205862564e+00
1.283350628233697333e-01
6.267788506438992657e-01
8.500394561704904817e-01
1.138276523292943043e+00
2.380172039514035220e-01
2.324158930447001170e-01
1.811673142373210421e+00
1.292867833337278505e+00
2.085650173412518349e+00
4.826182927291719493e-01
2.399329274019604163e+00
4.742210978592181769e-01
1.366736877192846200e-01
7.930439656249576030e-01
3.395205957258227158e-01
6.150627136554160934e-01
-2.736687414464579193e-01
2.848355659731192091e+00
1.583341275496287226e+00
3.920391053580178919e-01
8.349655921147010051e-01
1.168841150275682361e-01
-8.268455175847836403e-01
1.236614583565942338e+00
-9.687875908187290053e-01
1.980153437738976452e+00
1.271665166674675218e+00
3.120859950332890431e+00
1.003551321467738289e+00
1.380767826669023979e+00
-6.208242983481893074e-01
-8.862641076433942500e-01
1.477896193400825453e+00
1.085122569653326208e+00
-4.333586730003711751e-01
1.761798499040784449e+00
-9.622413530284847916e-01
1.349299294113894598e+00
2.065476862706739691e+00
-7.213936264816824817e-01
-1.857405457744640276e-02
1.060598311932884785e+00
6.560065989872504444e-02
1.092134369131621874e+00
-9.261084103494396924e-01
3.387745840431331423e+00
8.612021599607033728e-01
1.150339867017184936e+00
-9.410248796665935389e-01
8.981066402501016732e-01
-3.761511167506852993e-01
1.213763907981603607e+00
1.702506983314379552e+00
2.403877462492030936e+00
-2.489291077960985588e-01
2.001086953401979007e-01
1.397419046641068752e+00
5.479593174968472313e-02
5.822709356627224775e-01
1.487372969027442871e+00
1.624181194489986657e+00
1.593914946406804534e+00
-5.327562159272329900e-01
8.091304594774925141e-01
5.010774144243271278e-02
1.146153775263949237e+00
-1.010266387110050346e+00
9.259006275303736100e-01
-3.958347197869625522e-01
1.757535524454705289e-01
-8.390212380742809728e-01
9.196572815940017298e-01
1.801395428389251929e+00
1.483145992501282651e+00
1.461312666823027850e+00
1.394602290158203139e+00
6.791251002883471610e-01
1.040212674585941244e+00
-1.356238678808233455e+00
6.239810999889813803e-02
-5.735767075593415365e-01
-3.274792776850085629e-01
-4.186080048431328748e-02
4.742160228426736124e-01
-1.910735215508038431e-01
2.769804691300802091e+00
-6.650070301537019946e-01
-7.505951342035438456e-03
3.717224817554489746e-01
-1.094439991331311202e+00
5.157486005642157867e-01
-1.656437454726403802e-01
5.980925010879933890e-02
1.103693310791917792e+00
-1.385695433402121202e+00
-2.389918899346261671e+00
6.158835442466136234e-01
-5.179233892441805764e-01
9.101423951277791691e-01
-3.843720124496100565e-01
1.010488454972225947e+00
5.408314225448167534e-01
1.156634627741907728e+00
4.493192524116872422e-01
-9.922046069564602333e-02
1.503944083165200007e+00
-1.036163595737061571e-01
9.280195399628857755e-01
-5.128760428033209973e-01
2.254687608827189216e+00
-7.805868896669824197e-01
-1.330114218084802236e+00
3.091098852945305397e-01
-2.555748211860382924e+00
8.242170940100341792e-01
1.273041128727935956e+00
-6.151931976895939069e-01
1.596857342729322005e+00
-1.609552154821816128e+00
1.209254739559563419e+00
1.655110717047693525e+00
7.932484276678104518e-01
8.443231972499789517e-01
1.091312422577286778e+00
-1.553028867458158269e-01
2.022156466150767606e+00
-4.281627055944867699e+00
1.004658206214175120e+00
7.070105539706266207e-01
6.795670162819955618e-01
-4.745651129499293686e-01
9.313754286246589409e-01
-7.863336629949715384e-01
1.531232748037169689e+00
-1.816167409277867240e+00
-3.476180875937148196e-01
1.330439099099489875e+00
-4.351776743840754524e-01
1.545448776642982525e-01
3.489419546551992823e+00
-6.253562845094366995e-01
7.677164193130927572e-01
-2.484144082059661862e+00
-1.576693588843890992e-01
6.909549345865554359e-01
1.544947226428617482e+00
-8.345582737119150440e-01
-2.962128941436709129e-01
1.370669311413930669e-01
1.473478937261019750e+00
-9.063185549091778981e-02
-3.880866634424481321e-01
-2.429283230441440011e+00
-2.611769039181886520e-01
1.109959602084564789e+00
1.963336425036464217e+00
1.645268218489059464e+00
1.477282295573025817e+00
-1.389691976574761734e-01
1.883274928299117246e+00
-6.966178096591933988e-01
4.003113696832516499e-02
3.113574545884935652e-01
-7.412320338972477884e-02
6.126869877127638642e-01
1.525236509646241689e+00
-1.016097236146932703e+00
-2.337562387134637099e-01
6.164585914377765929e-01
4.621689297995287826e-01
3.310659394009694556e-01
1.326642285270065003e+00
4.324237231138195470e-01
-9.560667284732831117e-01
-1.590772518554361303e+00
9.947772474749155824e-01
-2.789081619995401051e-02
1.785332852238708190e+00
1.340008562123762514e+00
1.924484787293282206e+00
7.882219174680032969e-02
-4.622402170787123232e-01
-6.681420669054533024e-01
-6.840966114639538409e-01
2.725096321143715139e-01
-1.178134799895855123e+00
-2.222176939025021891e+00
-2.416860654348540471e-01
4.289854944381630841e-01
-2.911805496709269914e-01
-3.385244680664153405e-01
-6.156418188303240946e-01
-1.151284665589534129e+00
-7.938357523140110450e-02
1.305979308435198716e+00
9.254792467144679069e-01
-2.752237126417356738e-01
7.544129347317354295e-01
-7.040789395707269804e-02
-3.120790693072800770e-01
2.555941624346431684e-01
-2.103469954435128186e-01
1.839313636998043400e-01
2.186472561857626395e-01
-2.281268916822275727e+00
1.486073556164230869e+00
-1.344012563324159082e+00
-4.460416854398658870e-01
2.858209388269666862e-03
1.492385542435477719e+00
1.239563851659092553e+00
1.668829451410022813e+00
-5.816605406719846938e-01
1.099590684252306660e+00
-7.843167294685085000e-01
-9.200512941976413117e-01
-6.308828741656226091e-01
-3.524466963774794404e-01
9.178678756533280580e-01
5.334431118127636040e-01
-1.149642698040079569e+00
2.138864963486511339e+00
-1.649701907294665482e+00
3.571853989291190468e-03
3.287732197495446540e-01
1.123936332670770089e+00
-1.582682861968532695e+00
4.561514514482635785e-01
5.329589664413660888e-01
1.208846727450551661e+00
-1.355752769792347934e+00
-2.618098585864382932e-01
2.793238967738625456e-01
-1.406960490222617599e+00
-1.639312162377141169e-01
5.208399800213674435e-01
4.673491233429017400e-01
-4.901985396704784392e-01
1.989818310529241074e-01
-2.693304485599032905e-01
9.954063382647677649e-01
-5.840811511855142912e-02
3.916143267972151398e-01
1.182150715572984012e+00
-7.864811906340951619e-02
1.033002721293001303e+00
-4.883178922949320544e-01
-1.638029908475354013e+00
9.807784721891045221e-01
4.095155269300250755e-01
-6.289584434979589300e-01
7.116355069896511676e-01
-7.918073314802824836e-01
1.089253728019240697e+00
-1.218723676411426204e+00
-3.191769911952950234e-01
1.068098742576506055e+00
-1.163847020469060300e+00
1.067599017535163952e+00
8.699636090954293577e-01
7.409292907577313958e-01
6.045360227765885774e-01
-2.431458997857975479e+00
-9.057754168636832359e-01
-2.361553378312184204e-01
-3.671201345740585098e-01
2.623399232954502835e+00
-5.493702992510275385e-01
-9.254631412635616616e-01
8.443053990384918883e-03
1.180878802732733934e+00
6.969172790736783973e-01
-9.991034006840989745e-01
2.246837306007039459e+00
1.527348926717023714e+00
-2.987072630801569373e-01
8.431345335833555499e-01
4.875194830537675772e-01
-1.679320950783242505e+00
-2.391776856205118096e-01
3.058318317330439573e-01
2.360854711486856661e-01
-2.118549715604492734e-01
2.022747109305578661e+00
9.737494143205022157e-02
-5.064395898922662287e-01
-6.660754154338029975e-01
3.092147736073388997e-02
-1.203821247254050597e+00
4.706287266140031234e-01
1.228687688922598387e-01
5.812277407417616448e-01
1.688022504802133561e+00
1.061208636808112615e+00
-4.228200809540995087e-01
6.379401808278865049e-01
-7.112678442612637708e-01
7.326002269974574155e-01
-1.700924426924087518e-01
1.905519344085727429e+00
-6.683645411661600644e-01
-5.742026120250405263e-01
-2.643177913464968221e+00
-1.939476399998155132e-02
1.266781771530941514e+00
-1.457939914149824157e+00
-1.210577656228209564e+00
-1.069215151533940755e+00
-1.455393669888953800e+00
1.965654560241022697e+00
-1.571464148551800832e+00
3.573602879269350829e-01
-4.257232835048353481e-01
1.277006218102067159e+00
-1.359738590568971839e+00
3.435998501594170751e-01
-1.167549882914879378e+00
3.125500103928522955e-01
-7.752159434480346833e-01
9.275724587648831454e-01
-4.681445648931381598e-01
-5.112571600753479384e-02
-1.370171041988327287e+00
-7.134896601480579248e-01
-5.100431920158036148e-01
1.508363219462144800e+00
-1.384409470529867514e+00
-5.353118631218826140e-01
-1.405801739319246346e+00
1.576615726566269471e+00
-1.660835678138495308e-01
8.061813487290906410e-01
2.296614512033437472e-01
1.273566719225263988e+00
-1.247687768353512583e+00
-1.151991440201118877e+00
-5.101717894648580276e-02
3.401176749173515645e-01
-5.263760242529001987e-01
1.398838384016859893e+00
-3.724341168080807507e-01
8.264709796578841861e-01
-9.826112710264450767e-01
9.437375874188799196e-01
8.324962369300863418e-01
-1.257540805206739165e+00
3.232513693398076371e-01
9.858595522505363418e-01
6.173955532167423321e-01
-1.830266759770496909e-01
1.248742047425060786e+00
-2.190276957148190595e-01
5.593820264999047609e-01
2.612824535990667107e-01
1.439721403891777385e+00
2.046943067615644818e+00
-3.151749684133215434e-01
1.220329645267565821e+00
-5.572156471814395662e-01
-2.016803734685932437e-01
-5.900572453826610220e-01
-5.377614916828571401e-02
4.091513006828587096e-01
-4.668663427104967623e-01
1.151238640101504229e+00
3.743486814420431408e-01
-9.555747830031461332e-01
-1.784349532793504167e+00
-4.060945095881172140e-01
-8.587488688457531882e-01
-1.963275259345267365e-01
1.749190169067164069e-01
-1.416891939107995935e-01
7.094829099010340201e-01
-5.101921301224394689e-01
-8.761033540429415956e-01
5.974602019637641481e-01
4.321097855830117185e-01
-2.417606582504691737e+00
3.239789091253518216e-01
-5.429056920120274299e-01
1.981007308739148876e-01
3.702383277662453231e-01
-1.212722761704856655e-01
-6.229901812478910728e-01
1.473240889263917941e+00
-9.826797473328505728e-01
7.537388015331538682e-01
-1.865029494434254254e+00
1.435729514437134480e+00
-6.720715539564552365e-01
1.048169939772757076e+00
1.858507639067155548e+00
2.401877386044399376e+00
-2.289825186655731482e-01
4.180003514157352162e-01
-1.136738991987537917e+00
7.673142255040211746e-01
-5.132543706930590144e-01
-7.526209184840657596e-01
6.159101178956067901e-01
-1.477753121178754903e+00
1.170845396543664041e+00
2.260560433242256639e+00
-5.845086336569584873e-01
5.684747326429671066e-01
-2.372020105573418913e+00
9.286746424426192137e-01
5.096790305397596033e-01
6.521734158526912850e-01
3.031167043755475521e-02
-9.015654220907723948e-01
-9.456364343233323311e-01
-1.301869807595665174e+00
-6.968621009293889390e-01
-1.217367528210331118e+00
-6.750731956856558247e-01
8.293070599858887171e-01
-2.921525886113169324e-01
3.594418603423253922e-01
-1.195709007405179047e+00
-7.079454472425135148e-01
-9.497285101979957567e-01
2.055198729322416096e-04
2.113144679837095086e-02
-7.481001848466100057e-01
5.962093506011196808e-01
8.487076781320596064e-01
1.113933165434679351e+00
1.674093667223728543e+00
-6.291609719210184970e-01
-4.421262487880305292e-01
4.739796940232622324e-01
-1.215885986148136144e+00
8.131221617830695081e-01
-1.005286247772851915e-01
5.898389350566759504e-01
-1.325400695791002503e-01
9.933399672341414188e-03
-8.211436872794049269e-02
1.545027963422686224e+00
3.199155822351302803e-01
-1.441596187709524912e+00
1.059109541515238284e+00
-1.146521192384419408e+00
4.055878783062282222e-01
3.342814627067303146e-01
4.217045476353552536e-01
7.009920938275923108e-01
6.310854973488515540e-01
2.931278137650142890e-01
3.020696432712854929e-01
-1.101079869956690604e+00
3.277904461560384730e-01
-1.755652696376748700e+00
-3.208173519643561233e-01
8.133413729879171994e-01
9.135035226980656731e-01
1.752256082055397846e-02
-1.365565905518267842e-01
7.528091330815753768e-01
1.255855763586380958e-01
-1.512499937067230737e+00
-3.322106673107804165e-01
-1.031071198707694370e+00
-3.778358693372456112e-01
-5.533374038171606779e-01
3.942766410777391317e-01
-1.304403671057729808e+00
1.246407296033921641e+00
-1.385540641800995232e+00
-1.367356708962083611e-03
7.081453749179321688e-01
3.735298566822731758e-01
-1.022807122467912277e+00
5.986661832233216574e-01
2.969848888749117566e-01
2.811034786174181122e+00
-1.191954409686057925e+00
3.921663163807905805e-01
-5.751123610305478584e-01
-1.307739856398281164e-01
4.059530254822044104e-01
-1.155535902525379299e+00
-3.760398496801165003e-01
1.161139295743506494e+00
-2.934184746761477669e+00
-3.154695920884936222e-01
-9.310281928670008922e-01
-1.407431167560607710e-01
-2.019600267828506324e-01
-1.009208079576898509e+00
1.862261837931881714e-01
1.859130177823561159e+00
-2.581618372341963230e+00
-9.591402443316977555e-01
-3.672454154625959255e-01
9.325484683276421549e-01
1.793119283852169232e-01
-7.829740068540093079e-01
-7.073382407546244255e-02
5.693580708293659587e-01
-8.794823779970395439e-01
-5.152018692844518855e-01
-6.257936321577749483e-01
-4.772838931206751512e-01
5.456796669130086208e-01
1.091890930765097245e+00
6.482933478026930985e-01
9.771731198476079072e-01
-1.564405652913748224e+00
3.888045320612628641e-01
5.434217662445383068e-01
-1.932119537777456264e+00
-1.151498302750078473e+00
9.634802987101354077e-02
1.102092205330073238e+00
1.267293557657481529e+00
-2.199826852955578671e-01
-6.968260992474825111e-01
5.095127421080809516e-01
-5.274611754934341867e-01
4.803564442937851564e-01
3.695310177301747157e-02
-2.055843336870110782e+00
1.131775047682692215e+00
-1.369168780564992360e+00
1.320967573526954597e+00
8.169153253532054904e-02
3.340666062769511724e-01
-3.117896889881530131e-01
9.160670298318909222e-01
-1.420078946570521305e-01
2.716545030297745633e+00
-1.163012689117035370e+00
-1.300033793278401184e+00
-1.117738183211085534e+00
-1.205208261185212404e+00
8.354543222067369879e-01
1.320591756162455832e+00
-1.071708438821717957e-01
-3.207873354771999530e-01
3.121904888795210553e-01
-3.290380068644970235e-01
-3.141348955913175756e-01
-2.160409548769556931e+00
2.144001035419327850e-01
2.084546601094001694e+00
1.707456806325071907e+00
1.596652574866505914e+00
-1.888813934236017511e+00
-1.523153940529104799e+00
-1.808913729180189556e+00
-8.985609659875942734e-02
1.221568015655415174e+00
-6.513697135297480401e-04
2.203662724178558352e-01
1.133036980759328793e+00
-1.458509228662820956e+00
5.034848533424534089e-01
7.160610963738500701e-02
-1.191412856326371505e+00
-1.503231745725100543e+00
-6.159740403017065491e-01
1.385386973063865712e+00
2.051476670793480395e+00
-1.118495693603959174e-01
3.270049381924938769e-02
4.003833848818973973e-01
5.108776007399951080e-01
5.562271133972234161e-01
5.053937393973522152e-01
-1.812146530300557279e+00
2.965406177359020568e+00
-6.554527595373871307e-02
-3.173858905148256859e+00
-7.733996822168653917e-02
-8.392812428998628338e-01
-2.140103492411062902e+00
-5.982166931432097989e-02
-1.929128439312872256e+00
-2.095999168915640976e-02
-2.672227550533222917e+00
-2.289742230223966724e-01
6.462500760660243593e-01
1.043005834689589184e+00
-1.788088725743941065e+00
-7.799604432408359100e-01
-1.792228981303138013e+00
2.041118240884163271e-01
-2.313711676987427523e+00
-3.395857027248914695e-01
-3.468015742421699521e-01
-4.573635645481452516e-02
-8.021639822279358345e-01
5.192681082641990020e-01
-6.849290783272572458e-01
1.100457703706835044e+00
-1.710198543950337546e-01
-7.986306863903566144e-01
-5.342591901350173256e-01
8.514250635187461391e-01
-5.616984289241033768e-01
2.038500288103388680e+00
-2.399719048988625814e-01
2.417730936953607079e-01
-7.789020859533485330e-01
6.418009000735921399e-01
-1.489377299272262922e+00
-2.136505205543022812e-01
-1.062289138131603972e+00
8.234120701308533796e-01
-1.471940488280221171e+00
1.540519759775626385e+00
-6.672112160346631571e-01
-4.469967195060835508e-01
-3.871811719036080124e-01
-2.032999402269310085e+00
-1.173231626027637420e+00
-1.115208972801439380e+00
-7.395145369601192620e-01
1.050883347066275286e+00
-1.008689919691977632e+00
-1.971646270521178190e-02
-2.167286884145937176e+00
2.496511389830904926e-02
1.338004353099605748e+00
9.611088785239954024e-01
1.333809820289058257e+00
2.052313446418607690e+00
-2.053967649542792984e+00
8.893406395604666059e-01
-1.588594023555742973e+00
-1.152657918392488545e+00
-1.831288938835180513e+00
4.780967912649158880e-01
-1.429151858957138144e+00
8.090607416741596447e-01
-3.847270942097722468e-01
-1.388160987413051162e+00
2.009378089600515338e-01
2.121526158205122581e-02
5.612446489919200587e-01
1.003492394884142991e+00
-1.615234444890207177e+00
2.774385068459111370e+00
-1.259431441271324781e+00
2.338156029794639934e-01
-3.295104510757117522e-01
-3.096911013515613598e-01
1.785190684765582292e+00
2.389647117684695621e-01
-2.378800985150268388e-01
7.390426004364902823e-02
-1.386158037462030368e+00
1.958094743752673672e+00
-1.869543309423699895e-01
7.331557567833868472e-01
3.246640870662823031e-02
4.689747745545245206e-01
1.892863557550891751e-01
4.728517833475059384e-01
-1.549895012745168277e+00
8.770275941167245959e-01
-2.762060405852876377e-01
5.206599469783812495e-01
-1.514711750776976285e+00
-2.177626099283553884e-01
-8.538019301114403437e-01
7.001458918595901970e-01
-2.463690629209410732e-01
1.454814943450176923e+00
-1.559618026753952502e-01
-9.469588324782933775e-01
4.611968962699711239e-01
-1.767891117670666201e+00
1.103269285510735109e-01
6.522189145961974077e-01
-3.688459486949202670e-02
7.817743941371988470e-01
1.227031091339926716e+00
1.632754517348937950e+00
3.040881581669003242e-01
-1.109216635910590831e+00
-1.867891279846791430e-01
1.379455060356409302e+00
-6.654494188212748407e-01
1.146374892415249480e+00
1.121067657563680875e+00
-1.638189057482099642e+00
-1.949087491011476381e-01
-1.146460909288744556e+00
-1.346794483811379006e+00
2.651632624539713490e+00
-1.339239585299720092e+00
-1.741622253772526552e+00
2.157995947603595921e-01
1.384609235056529997e+00
-1.011440514678469266e-01
2.044748300917329953e+00
2.532199273287010666e+00
-8.006408825323352296e-01
-2.294660811080412310e-01
1.338989954563210905e+00
3.686177678371622968e-02
1.222932248619217621e-01
1.399228286206266381e+00
5.799853748169990775e-01
-2.195883030448265494e+00
5.104500647681966541e-01
-4.593835627651233766e-01
1.618105155209263735e-02
-2.986143819468695115e-01
8.142510706159014622e-02
-5.604298978417716626e-01
-7.913824881764286445e-03
-4.091217117673019432e-01
6.896602267092264427e-01
-1.710903454895717601e+00
-1.212741426221139118e+00
-4.867217098035354628e-01
-7.225611189501837117e-01
1.044980955350955698e+00
2.315836548763760661e+00
4.156136227687188822e-01
1.363414691007760027e+00
-1.270090723386822606e+00
-1.050583100925351232e+00
-7.999988497697420042e-01
4.380633777711393506e-01
-6.180481249695004564e-01
1.059074797503953835e+00
-2.126544671668452846e+00
1.813370094217277018e-01
-1.167581876078929382e+00
6.521072752036867204e-01
9.876118568743919024e-01
1.278400978648900344e+00
3.723260913781199499e-01
8.612015205544480967e-01
-3.198310240954843620e-01
2.214139284998169366e+00
-9.925074805004077128e-01
-8.647707602150134232e-01
-1.956865445524141656e+00
8.893404598983223330e-01
1.997416943319959004e-01
-4.471631266586123532e-01
-2.077761634902867360e+00
8.865213682071626522e-01
-2.455449136903075313e+00
1.232216715072258495e-01
-6.016038187401143711e-01
4.554922397477839668e-01
1.178896292642792387e+00
-7.066279413915906860e-01
-2.730418482507439570e-01
1.101908643442414126e-01
-3.358195819509636193e-01
1.591167388753260414e-01
-6.993958303685210431e-01
2.091791717328194800e+00
-1.041516397199871546e+00
-2.133463244213183785e+00
1.246044550920764604e-01
-1.070239270292269174e-01
-8.234227033386166683e-01
9.118588741070124959e-01
-1.595307697570742977e+00
-5.208755655289760700e-01
2.335338707257335056e-01
1.404100209600440685e+00
-1.469328633386674410e+00
1.089590539291322990e+00
-6.145680602110650259e-01
-8.520069486526270497e-01
-2.366408519422851520e-01
-5.821786891446283363e-01
-4.270090102234270768e-01
1.332731364301339427e-01
3.272953284167981480e-01
1.315709055504092451e+00
-1.486175543839793445e+00
5.885519304786540618e-01
-1.110021433293123305e+00
1.653884792212952093e-01
1.127756089705780340e+00
2.173709377745104643e+00
7.969231651938295524e-01
2.014160411540419471e+00
-1.700753865030398382e+00
-3.599038181956275562e-01
-1.062492906921582048e+00
6.094240634438838899e-01
1.545461438882768102e-01
1.740797603136247762e+00
-5.125461219780111932e-01
1.509505835360455128e+00
-1.522070853679831970e+00
-5.373817882940697954e-01
-4.991537701850784492e-01
1.743209796638336195e+00
-3.905518552007644639e-02
-2.116344740866067831e+00
6.964155341638684771e-01
4.395614124920774191e-01
3.899523252486325475e-03
-9.375716898203859118e-02
-2.760147852020798931e-01
6.457523696220877074e-01
-1.181063526376101125e+00
1.295247367046472586e+00
-7.332212275591523110e-01
4.856198400413743177e-01
-4.021392198531792417e-01
2.958119190256826014e-01
-1.355687317701458117e+00
1.576889497059370537e+00
1.664413321215391095e-03
-9.725136298471404039e-02
-9.959824454149546202e-01
1.328747417269366515e+00
-5.586608119662228589e-02
2.020643726861275080e-02
3.296472309882062524e-01
9.007659169175097347e-01
-4.409986182055780635e-01
-2.600013871894835127e-01
-1.244398737707461677e+00
4.814746026034071869e-01
-9.306700632846428567e-01
-1.932610838771917194e+00
-8.575884887753654207e-01
-1.909980452567349718e-01
6.858825402035201302e-02
1.178271037737349314e+00
1.220884159756918441e+00
-7.392349582431325672e-01
-1.498296399998250372e+00
-1.598691232018701225e+00
-5.591391276364842122e-01
1.814811614637642512e+00
1.279919367940402619e+00
1.468396893201228681e-01
6.017999608573634251e-01
7.183790684463196019e-01
-2.203063783699393596e+00
-1.134949742436963449e+00
-3.070343722132125919e+00
8.285870968677970794e-01
3.962724624163266873e-01
1.027340512255713989e+00
-1.809332537973462829e+00
8.262496272887542847e-02
-1.009491448571046002e+00
2.413883278618252637e-01
-2.259856755987176002e-01
1.940317731864860118e-02
1.971661190416394094e+00
-5.836643567088640738e-01
-4.345977802712752691e-02
1.861545023027782575e+00
2.090649554569719015e-01
6.177788471296901118e-01
1.376027393419639311e-01
3.952802843138827349e-01
-1.727455460828625444e+00
5.470331536549363216e-01
-1.307693820498319504e+00
5.106276216728218298e-01
-1.167224188413731767e+00
8.176767535436837431e-01
-1.693350279702950045e+00
-3.279882980141720084e-01
1.212459530657987727e-01
-2.128217463967096990e-02
-1.386370798707952656e-01
1.368459124325625664e+00
-3.605813194269384070e+00
8.359438500586835463e-01
1.653330346887948998e+00
6.867734658643971368e-01
-1.303550501678935269e+00
-1.842006671990030764e+00
1.426171178254769245e-01
8.822743602336842184e-01
-2.506838892445099276e+00
-2.007169835223469256e+00
1.691852749226490094e+00
1.669104317368452106e+00
6.657244383440914515e-01
1.632291768280760280e+00
-2.514345185809785943e-01
-8.268696612439878635e-01
-2.989763610826924989e+00
-1.043139361355353234e+00
3.198969315556776660e-01
8.205595976574446837e-01
4.783025855780068114e-01
-5.968953514162927965e-01
8.722707884819123070e-01
-1.734714516689367825e+00
-7.081077402408996191e-01
-6.621158795644557782e-02
1.497375653754091929e-01
-3.710818914205294416e-01
-2.349462042862159594e-01
-8.509258217744819497e-02
-2.054377727383268848e+00
2.509213622031383206e-01
-7.499981200499510336e-01
-6.135733340100987254e-01
-2.334309856944966732e+00
1.277196124681777345e+00
1.305313455568328340e+00
1.839631049386190598e-01
1.142806750822733752e+00
2.707639094808216296e+00
2.729565521804817596e-01
-2.675656931109532954e-01
3.278860917880075387e-01
-2.088889875567563781e+00
-1.021946242153512374e+00
-4.096748068051835334e-01
-8.715075480728076696e-02
1.361039772978137830e+00
-9.793828652353432362e-01
1.328316046676871753e+00
1.705038003543337677e-01
4.511920503104147051e-02
7.447684047353690939e-01
2.569720039940672773e-01
6.218987600501733048e-01
1.662311200081488138e+00
3.248994230153967600e-01
6.142731961524632300e-01
2.136933103342618878e+00
2.811525886000958430e-01
-8.663242090049489974e-01
2.917016017811014383e-01
-1.416672442077491212e+00
2.673485245687821532e+00
-1.013720444836048173e+00
-7.789460530168667018e-01
4.434336796943665754e-02
9.749490067810961946e-01
-3.195666137316789390e-01
-2.054704010405487224e+00
2.702454242124626149e-01
1.325965051638751113e+00
1.043108085659484097e+00
1.058751040871962035e+00
-5.055610941750717791e-01
-4.673439078362643939e-01
6.700478171532524563e-01
8.439385182392240559e-01
-1.664691237028315562e+00
-1.516282900246953114e+00
-1.301354573355272271e+00
-5.101038367130182882e-01
8.666231403843885350e-03
-1.199294883598334138e+00
1.041205914653900777e+00
1.596948735355553595e+00
-1.239016991638250742e+00
9.884623948718576081e-01
-2.282041610648195551e+00
5.812833604600443627e-01
3.031181294411087190e-01
5.303000889338176371e-01
1.804911644201664389e-01
-9.355081742641891962e-01
-1.491771638099065322e+00
2.307753546334248007e-01
-2.131587997952199665e+00
6.992748504559341827e-01
1.800664000407851129e-01
1.513256653254044237e-01
-4.085429502880014163e-02
-1.473364632485397729e-01
-2.768470471029669810e-01
-8.194695996638865498e-01
-5.320639958541408809e-01
